0.0
0.0
0.73347
0.73347
0.82137
0.82137
0.94214
0.94214
0.94727
0.94727
0.94866
0.94866
0.94886
0.94886
0.94893
0.94893
0.94888
0.94888
0.94886
0.94886
0.94899
0.94899
0.94891
0.94891
0.94895
0.94895
0.94894
0.94894
0.94894
0.94894
0.94894
0.94894
0.94886
0.94886
0.94891
0.94891
0.94893
0.94893
0.94906
0.94906
0.94893
0.94893
0.94904
0.94904
0.94902
0.94902
0.94908
0.94908
0.9491
0.9491
0.94893
0.94893
0.94897
0.94897
0.94913
0.94913
0.94899
0.94899
0.94902
0.94902
0.94897
0.94897
0.94901
0.94901
0.94906
0.94906
0.94917
0.94917
0.94908
0.94908
0.9491
0.9491
0.94926
0.94926
0.94928
0.94928
0.94922
0.94922
0.94921
0.94921
0.94919
0.94919
0.94915
0.94915
0.94933
0.94933
0.94922
0.94922
0.94919
0.94919
0.94924
0.94924
0.94935
0.94935
0.9493
0.9493
0.94926
0.94926
0.94933
0.94933
0.94932
0.94932
0.94935
0.94935
0.94946
0.94946
0.94939
0.94939
0.94935
0.94935
0.94943
0.94943
0.94948
0.94948
0.94946
0.94946
0.94946
0.94946
0.94946
0.94946
0.94952
0.94952
0.94943
0.94943
0.94961
0.94961
0.94959
0.94959
0.94965
0.94965
0.94957
0.94957
0.94959
0.94959
0.94954
0.94954
0.94959
0.94959
0.94948
0.94948
0.94955
0.94955
0.94965
0.94965
0.94959
0.94959
0.94959
0.94959
0.9497
0.9497
0.9497
0.9497
0.94977
0.94977
0.9497
0.9497
0.94966
0.94966
0.94977
0.94977
0.94976
0.94976
0.94976
0.94976
0.94977
0.94977
0.94977
0.94977
0.94977
0.94977
0.94976
0.94976
0.94976
0.94976
0.94983
0.94983
0.9499
0.9499
0.94987
0.94987
0.94998
0.94998
0.94994
0.94994
0.94999
0.94999
0.94998
0.94998
0.94994
0.94994
0.94996
0.94996
0.95012
0.95012
0.95003
0.95003
0.9501
0.9501
0.95012
0.95012
0.95016
0.95016
0.95001
0.95001
0.95014
0.95014
0.95021
0.95021
0.95032
0.95032
0.95023
0.95023
0.9502
0.9502
0.95027
0.95027
0.95038
0.95038
0.95036
0.95036
0.95036
0.95036
0.95038
0.95038
0.95047
0.95047
0.95034
0.95034
0.95049
0.95049
0.95051
0.95051
0.95051
0.95051
0.95034
0.95034
0.9504
0.9504
0.95047
0.95047
0.95052
0.95052
0.95058
0.95058
0.95065
0.95065
0.95063
0.95063
0.95056
0.95056
0.95063
0.95063
0.95069
0.95069
0.95069
0.95069
0.95078
0.95078
0.95094
0.95094
0.95076
0.95076
0.95073
0.95073
0.95094
0.95094
0.9508
0.9508
0.95069
0.95069
0.95094
0.95094
0.95073
0.95073
0.95094
0.95094
0.95063
0.95063
0.95067
0.95067
0.95076
0.95076
0.95089
0.95089
0.95076
0.95076
0.95076
0.95076
0.95076
0.95076
0.95094
0.95094
0.95095
0.95095
0.95093
0.95093
0.95095
0.95095
0.95078
0.95078
0.95078
0.95078
0.9508
0.9508
0.95076
0.95076
0.95095
0.95095
0.95065
0.95065
0.95067
0.95067
0.95069
0.95069
0.95067
0.95067
0.9508
0.9508
0.95074
0.95074
0.95078
0.95078
0.95089
0.95089
0.95071
0.95071
0.95087
0.95087
0.95089
0.95089
0.9508
0.9508
0.95078
0.95078
0.9508
0.9508
0.95073
0.95073
0.95095
0.95095
0.95082
0.95082
0.95071
0.95071
0.95082
0.95082
0.9508
0.9508
0.95078
0.95078
0.95073
0.95073
0.95074
0.95074
0.95074
0.95074
0.9506
0.9506
0.95063
0.95063
0.95062
0.95062
0.95054
0.95054
0.95065
0.95065
0.95052
0.95052
0.95049
0.95049
0.95054
0.95054
0.95051
0.95051
0.95043
0.95043
0.95052
0.95052
0.95047
0.95047
0.95052
0.95052
0.95049
0.95049
0.9504
0.9504
0.95045
0.95045
0.95038
0.95038
0.95029
0.95029
0.95032
0.95032
0.95031
0.95031
0.95021
0.95021
0.9502
0.9502
0.95025
0.95025
0.95031
0.95031
0.95031
0.95031
0.95023
0.95023
0.9502
0.9502
0.95029
0.95029
0.95018
0.95018
0.9502
0.9502
0.9501
0.9501
0.9502
0.9502
0.95018
0.95018
0.95027
0.95027
0.95009
0.95009
0.95009
0.95009
0.95007
0.95007
0.95003
0.95003
0.95007
0.95007
0.95003
0.95003
0.95012
0.95012
0.9501
0.9501
0.95007
0.95007
0.94999
0.94999
0.94996
0.94996
0.94992
0.94992
0.94981
0.94981
0.94995
0.94995
0.94995
0.94995
0.94988
0.94988
0.94976
0.94976
0.94976
0.94976
0.94963
0.94963
0.94957
0.94957
0.94939
0.94939
0.94943
0.94943
0.9493
0.9493
0.94932
0.94932
0.9493
0.9493
0.94921
0.94921
0.94919
0.94919
0.94904
0.94904
0.94899
0.94899
0.94899
0.94899
0.94895
0.94895
0.94891
0.94891
0.94891
0.94891
0.94897
0.94897
0.9489
0.9489
0.94877
0.94877
0.94877
0.94877
0.94875
0.94875
0.94958
0.94958
0.94869
0.94869
0.94869
0.94869
0.94958
0.94958
0.94953
0.94953
0.94944
0.94944
0.94946
0.94946
0.94951
0.94951
0.94955
0.94955
0.94944
0.94944
0.94951
0.94951
0.9494
0.9494
0.94833
0.94833
0.94946
0.94946
0.94829
0.94829
0.94831
0.94831
0.94831
0.94831
0.94835
0.94835
0.94946
0.94946
0.94835
0.94835
0.94942
0.94942
0.94838
0.94838
0.94835
0.94835
0.94942
0.94942
0.94953
0.94953
0.94944
0.94944
0.94946
0.94946
0.94957
0.94957
0.94958
0.94958
0.94953
0.94953
0.94951
0.94951
0.94949
0.94949
0.94953
0.94953
0.9486
0.9486
0.94869
0.94869
0.94875
0.94875
0.9488
0.9488
0.94866
0.94866
0.94864
0.94864
0.94875
0.94875
0.9488
0.9488
0.94888
0.94888
0.94897
0.94897
0.94893
0.94893
0.94891
0.94891
0.94897
0.94897
0.94886
0.94886
0.94897
0.94897
0.94915
0.94915
0.9491
0.9491
0.94904
0.94904
0.94915
0.94915
0.9491
0.9491
0.94915
0.94915
0.94928
0.94928
0.9493
0.9493
0.9493
0.9493
0.94928
0.94928
0.94935
0.94935
0.9495
0.9495
0.94939
0.94939
0.9495
0.9495
0.94957
0.94957
0.94948
0.94948
0.94959
0.94959
0.9495
0.9495
0.94959
0.94959
0.9495
0.9495
0.94972
0.94972
0.94972
0.94972
0.94974
0.94974
0.94987
0.94987
0.94994
0.94994
0.94996
0.94996
0.94992
0.94992
0.94999
0.94999
0.9501
0.9501
0.95007
0.95007
0.95012
0.95012
0.95018
0.95018
0.95018
0.95018
0.95038
0.95038
0.95032
0.95032
0.95036
0.95036
0.95034
0.95034
0.95054
0.95054
0.95045
0.95045
0.95062
0.95062
0.95063
0.95063
0.95062
0.95062
0.95076
0.95076
0.95071
0.95071
0.95078
0.95078
0.95082
0.95082
0.95089
0.95089
0.95093
0.95093
0.95098
0.95098
0.95095
0.95095
0.95104
0.95104
0.95113
0.95113
0.95098
0.95098
0.95111
0.95111
0.95122
0.95122
0.95107
0.95107
0.95117
0.95117
0.95107
0.95107
0.95113
0.95113
0.95118
0.95118
0.9512
0.9512
0.95126
0.95126
0.95122
0.95122
0.95129
0.95129
0.95128
0.95128
0.9512
0.9512
0.95111
0.95111
0.95106
0.95106
0.95113
0.95113
0.95117
0.95117
0.95109
0.95109
0.95115
0.95115
0.95109
0.95109
0.95106
0.95106
0.95107
0.95107
0.95106
0.95106
0.95104
0.95104
0.95104
0.95104
0.951
0.951
0.95093
0.95093
0.95104
0.95104
0.95096
0.95096
0.95093
0.95093
0.95093
0.95093
0.95095
0.95095
0.95095
0.95095
0.95095
0.95095
0.95094
0.95094
0.95089
0.95089
0.95095
0.95095
0.95087
0.95087
0.95078
0.95078
0.95091
0.95091
0.95082
0.95082
0.95073
0.95073
0.95089
0.95089
0.9508
0.9508
0.95095
0.95095
0.95089
0.95089
0.9508
0.9508
0.95082
0.95082
0.95087
0.95087
0.95078
0.95078
0.95082
0.95082
0.95089
0.95089
0.95091
0.95091
0.95098
0.95098
0.95091
0.95091
0.95094
0.95094
0.95094
0.95094
0.95095
0.95095
0.95089
0.95089
0.95082
0.95082
0.95078
0.95078
0.95094
0.95094
0.95087
0.95087
0.95091
0.95091
0.95091
0.95091
0.95093
0.95093
0.95093
0.95093
0.95095
0.95095
0.95094
0.95094
0.95094
0.95094
0.95095
0.95095
0.95095
0.95095
0.95089
0.95089
0.95096
0.95096
0.95098
0.95098
0.95104
0.95104
0.95113
0.95113
0.95096
0.95096
0.95107
0.95107
0.95113
0.95113
0.95102
0.95102
0.95118
0.95118
0.95115
0.95115
0.95115
0.95115
0.95109
0.95109
0.95109
0.95109
0.95115
0.95115
0.95113
0.95113
0.95122
0.95122
0.95117
0.95117
0.95117
0.95117
0.95117
0.95117
0.95131
0.95131
0.95144
0.95144
0.95128
0.95128
0.9514
0.9514
0.95142
0.95142
0.95142
0.95142
0.95142
0.95142
0.95161
0.95161
0.95153
0.95153
0.95159
0.95159
0.9517
0.9517
0.95168
0.95168
0.95159
0.95159
0.95173
0.95173
0.9517
0.9517
0.95179
0.95179
0.95181
0.95181
0.95186
0.95186
0.9519
0.9519
0.95175
0.95175
0.95179
0.95179
0.95172
0.95172
0.95192
0.95192
0.95197
0.95197
0.95197
0.95197
0.95201
0.95201
0.95204
0.95204
0.9521
0.9521
0.95214
0.95214
0.95208
0.95208
0.9521
0.9521
0.95215
0.95215
0.9521
0.9521
0.9521
0.9521
0.95208
0.95208
0.95204
0.95204
0.95217
0.95217
0.95217
0.95217
0.95212
0.95212
0.95208
0.95208
0.95215
0.95215
0.95226
0.95226
0.95219
0.95219
0.95226
0.95226
0.95234
0.95234
0.95241
0.95241
0.95232
0.95232
0.95243
0.95243
0.95237
0.95237
0.95239
0.95239
0.95236
0.95236
0.95239
0.95239
0.95245
0.95245
0.95248
0.95248
0.95243
0.95243
0.95258
0.95258
0.95263
0.95263