-0.00544
-0.00611
-0.00683
-0.00719
-0.00746
-0.00732
-0.00629
-0.00566
-0.00508
-0.00431
-0.0044
-0.00566
-0.00557
-0.00611
-0.00701
-0.00791
-0.00889
-0.00952
-0.00997
-0.01024
-0.01029
-0.01141
-0.01271
-0.01294
-0.0124
-0.01213
-0.01123
-0.01078
-0.00988
-0.00889
-0.00827
-0.00809
-0.00732
-0.00755
-0.00696
-0.00687
-0.00656
-0.00683
-0.00584
-0.00494
-0.00449
-0.00503
-0.00611
-0.00588
-0.00548
-0.00557
-0.00548
-0.00584
-0.00701
-0.00665
-0.00719
-0.00737
-0.00674
-0.00782
-0.00818
-0.00768
-0.00773
-0.00683
-0.00629
-0.0062
-0.00647
-0.00665
-0.00701
-0.00737
-0.00755
-0.00701
-0.00768
-0.00719
-0.00777
-0.00773
-0.00777
-0.00872
-0.00916
-0.00898
-0.01006
-0.01074
-0.01141
-0.01249
-0.01343
-0.01402
-0.01294
-0.0115
-0.00916
-0.00746
-0.00737
-0.00665
-0.00791
-0.00916
-0.00975
-0.01096
-0.01312
-0.01352
-0.01379
-0.01276
-0.01096
-0.00975
-0.00925
-0.00791
-0.00571
-0.00171
0.00252
0.00647
0.01078
0.01482
0.0168
0.01896
0.02093
0.02174
0.02264
0.02291
0.02264
0.02237
0.02228
0.02192
0.0212
0.02048
0.02022
0.02031
0.02044
0.02102
0.0221
0.02358
0.0248
0.02543
0.02731
0.02857
0.03046
0.03145
0.03234
0.03279
0.03315
0.03207
0.03068
0.03023
0.031
0.02929
0.02722
0.02448
0.02242
0.01959
0.01752
0.01599
0.01509
0.01348
0.0124
0.01047
0.00863
0.00692
0.00377
0.00216
0.0013
0.0036
0.00072
0.00117
0.00162
0.0018
0.00261
0.00323
0.00332
0.00216
0.0009
0.0072
0.00054
0.00031
-0.00036
-0.00126
-0.00234
-0.00153
-0.00126
-0.00085
-0.00063
-9e-05
0.00031
0.0009
0.00072
0.00198
0.00252
0.00288
0.00198
0.00126
0.00018
0.00108
0.00162
0.00144
0.00072
0.00081
0.00162
0.00225
0.00368
0.0044
0.00431
0.00503
0.00467
0.00413
0.00359
0.00337
0.00323
0.00166
0.0009
0.00018
-0.00117
-0.00135
-0.00117
-0.00085
-0.00144
-0.00108
-0.00135
-0.00216
-0.00247
-0.00337
-0.00431
-0.00611
-0.0088
-0.01141
-0.01698
-0.02462
-0.03455
-0.04627
-0.0611
-0.07691
-0.09344
-0.10898
-0.12372
-0.13746
-0.14892
-0.15575
-0.15759
-0.15579
-0.15072
-0.14236
-0.12807
-0.10683
-0.0814
-0.05301
-0.02606
0.0018
0.02947
0.0584
0.09038
0.12947
0.17394
0.22524
0.28553
0.35435
0.42802
0.50421
0.57501
0.62928
0.66782
0.6932
0.70116
0.6884
0.65767
0.61311
0.55561
0.48966
0.41922
0.34914
0.28625
0.23198
0.18499
0.14663
0.11734
0.09721
0.08544
0.07745
0.07152
0.06649
0.06127
0.05543
0.05121
0.04816
0.04501
0.03863
0.03082
0.02174
0.01384
0.00692
0.00027
-0.00674
-0.01375
-0.01905
-0.02269
-0.02641
-0.02947
-0.03199
-0.03392
-0.03657
-0.03747
-0.03818
-0.03872
-0.04025
-0.04115
-0.04187
-0.0434
-0.04492
-0.04569
-0.04609
-0.04667
-0.04672
-0.04708
-0.04672
-0.04623
-0.04708
-0.04708
-0.04645
-0.04636
-0.04528
-0.04456
-0.04402
-0.04389
-0.04438
-0.04488
-0.04488
-0.04546
-0.04618
-0.04578
-0.04578
-0.04596
-0.04569
-0.0451
-0.04411
-0.04313
-0.04223
-0.0416
-0.04079
-0.03913
-0.03738
-0.03715
-0.0372
-0.03729
-0.03783
-0.03791
-0.03693
-0.0367
-0.03729
-0.03791
-0.03845
-0.03881
-0.03917
-0.03908
-0.03859
-0.03872
-0.03863
-0.03859
-0.03791
-0.0372
-0.03657
-0.03612
-0.0363
-0.03549
-0.03432
-0.03369
-0.03306
-0.03288
-0.03194
-0.03082
-0.02929
-0.02857
-0.02808
-0.02767
-0.02664
-0.02677
-0.02588
-0.02516
-0.02516
-0.02462
-0.02318
-0.02165
-0.02062
-0.02048
-0.02084
-0.0221
-0.02246
-0.02309
-0.0221
-0.02057
-0.0195
-0.01905
-0.01761
-0.01739
-0.01667
-0.01617
-0.01491
-0.01438
-0.015
-0.01572
-0.0159
-0.015
-0.01433
-0.01464
-0.01433
-0.01473
-0.01438
-0.0142
-0.01402
-0.0133
-0.01294
-0.01276
-0.01253
-0.01204
-0.01056
-0.01042
-0.00912
-0.00791
-0.00593
-0.00449
-0.00368
-0.00332
-0.00216
-0.00126
0.00031
0.00126
0.00288
0.00431
0.00472
0.00476
0.00503
0.00593
0.00584
0.00584
0.00611
0.00629
0.00683
0.00782
0.0088
0.00975
0.0115
0.01384
0.01563
0.01779
0.01851
0.01887
0.02022
0.02102
0.02192
0.02174
0.02327
0.02426
0.02534
0.02659
0.02794
0.02857
0.02947
0.03037
0.03145
0.03315
0.03522
0.03841
0.04178
0.04519
0.04762
0.04861
0.05081
0.05148
0.05292
0.05499
0.05714
0.0584
0.05822
0.05921
0.06038
0.06217
0.06325
0.06496
0.06729
0.07026
0.07197
0.07385
0.07529
0.07673
0.07835
0.07942
0.08149
0.08275
0.08347
0.08275
0.08266
0.08239
0.0832
0.08428
0.08562
0.08729
0.08787
0.08877
0.08985
0.09021
0.09128
0.092
0.09218
0.09187
0.09232
0.09326
0.09308
0.09384
0.09474
0.09506
0.09506
0.09425
0.09542
0.09694
0.09721
0.09685
0.09658
0.09542
0.09461
0.09326
0.09137
0.08958
0.0876
0.08481
0.08113
0.07664
0.07255
0.06828
0.06442
0.05957
0.05391
0.04816
0.04375
0.03935
0.03558
0.03181
0.02731
0.02282
0.01887
0.01527
0.0124
0.00898
0.00593
0.0027
-0.00103
-0.00409
-0.00741
-0.01042
-0.01366
-0.01671
-0.01977
-0.02336
-0.0274
-0.03109
-0.03342
-0.03576
-0.03791
-0.03958
-0.0425
-0.04456
-0.04636
-0.04721
-0.04901
-0.05157
-0.0535
-0.05499
-0.05606
-0.05602
-0.05624
-0.05606
-0.0566
-0.05723
-0.05876
-0.05948
-0.06056
-0.06199
-0.06325
-0.06397
-0.06415
-0.06451
-0.06631
-0.06604
-0.0659
-0.06631
-0.06532
-0.06451
-0.06361
-0.06298
-0.06199
-0.06092
-0.0611
-0.06092
-0.06118
-0.06163
-0.06145
-0.06172
-0.06092
-0.06015
-0.05993
-0.05966
-0.0593
-0.05876
-0.05795
-0.0584
-0.05894
-0.06056
-0.06136
-0.06065
-0.05966
-0.05966
-0.05966
-0.0593
-0.05795
-0.05678
-0.05534
-0.05472
-0.05463
-0.05427
-0.05359
-0.05301
-0.05314
-0.05292
-0.05292
-0.05256
-0.05189
-0.05085
-0.05045
-0.05013
-0.05022
-0.05009
-0.05013
-0.04995
-0.05004
-0.04906
-0.04924
-0.05009
-0.04942
-0.04744
-0.04614
-0.04524
-0.04438
-0.04349
-0.04268
-0.04295
-0.04322
-0.04268
-0.04259
-0.0425
-0.04313
-0.04438
-0.04456
-0.04492
-0.04492
-0.04456
-0.0434
-0.04313
-0.04277
-0.04187
-0.04061
-0.03998
-0.03931
-0.03922
-0.03881
-0.03845
-0.03818
-0.03863
-0.03774
-0.0363
-0.03621
-0.03639
-0.03648
-0.03697
-0.03765
-0.03774
-0.03738
-0.03738
-0.03769
-0.0372
-0.03612
-0.03666
-0.03639
-0.03738
-0.03679
-0.03648
-0.03648
-0.03589
-0.03369
-0.03333
-0.03252
-0.03145
-0.03019
-0.02911
-0.02785
-0.02817
-0.02947
-0.03055
-0.03091
-0.03019
-0.03055
-0.03127
-0.02965
-0.03001
-0.02983
-0.02821
-0.02767
-0.02866
-0.02902
-0.03001
-0.03091
-0.03046
-0.03019
-0.02947
-0.02767
-0.0265
-0.02677
-0.02677
-0.02677
-0.02695
-0.02565
-0.02444
-0.02394
-0.023
-0.02228
-0.02318
-0.02336
-0.02273
-0.02228
-0.02228
-0.02318
-0.023
-0.02134
-0.02183
-0.02156
-0.02174
-0.02084
-0.02084
-0.01986
-0.01905
-0.01896
-0.01905
-0.0186
-0.01797
-0.01725
-0.01644
-0.01617
-0.01572
-0.01563
-0.01545
-0.01581
-0.01631
-0.01761
-0.01801
-0.01833
-0.01761
-0.01635
-0.01563
-0.01518
-0.01509
-0.01509
-0.01563
-0.01545
-0.01527
-0.01536
-0.01563
-0.01473
-0.0142
-0.01325
-0.0124
-0.01132
-0.01199
-0.0124
-0.01222
-0.01285
-0.01316
-0.01213
-0.0111
-0.0106
-0.0106
-0.01096
-0.01105
-0.01069
-0.01006
-0.0097
-0.01006
-0.01087
-0.01119
-0.0119
-0.01375
-0.01438
-0.01491
-0.01482
-0.01536
-0.01527
-0.01617
-0.01626
-0.01473
-0.0133
-0.01186
-0.01006
-0.008
-0.00678
-0.00647
-0.00629
-0.00629
-0.00656
-0.00746
-0.00773
-0.00714
-0.00791
-0.00898
-0.01006
-0.01168
-0.01168
-0.0115
-0.01078
-0.01078
-0.0115
-0.01204
-0.01186
-0.01078
-0.01105
-0.01069
-0.00979
-0.00831
-0.00692
-0.00575
-0.00575
-0.00539
-0.00548
-0.00485
-0.00404
-0.0044
-0.00467
-0.00485
-0.00494
-0.00467
-0.00521
-0.00544
-0.00544
-0.00512
-0.00485
-0.00548
-0.00503
-0.00548
-0.00602
-0.00629
-0.00575
-0.00467
-0.0035
-0.00341
-0.00279
-0.00323
-0.00395
-0.00386
-0.00445
-0.0053
-0.00548
-0.00467
-0.00485
-0.00485
-0.00521
-0.00557
-0.00548
-0.00544
-0.0058
-0.00732
-0.00836
-0.00867
-0.00898
-0.00921
-0.00858
-0.0075
-0.00782
-0.00719
-0.0066
-0.00647
-0.00562
-0.00593
-0.0053
-0.00413
-0.00323
-0.0027
-0.00256
-0.00305
-0.00261
-0.00261
-0.00296
-0.00332
-0.0035
-0.00395
-0.00395
-0.00391
-0.00305
-0.00359
-0.00314
-0.00341
-0.00395
-0.00332
-0.00305
-0.00359
-0.00395
-0.00422
-0.00422
-0.00467
-0.00449
-0.00431
-0.00512
-0.0053
-0.00629
-0.00818
-0.00952
-0.00988
-0.00988
-0.00952
-0.01006
-0.01042
-0.01123
-0.01092
-0.0115
-0.01276
-0.01343
-0.01213
-0.01042
-0.00845
-0.0062
-0.00575
-0.00521
-0.0053
-0.0044
-0.00463
-0.00544
-0.00548
-0.00602
-0.00602
-0.00674
-0.00719
-0.00737
-0.00854
-0.00898
-0.00988
-0.01006
-0.00961
-0.00916
-0.0097
-0.01006
-0.01042
-0.00988
-0.00988
-0.00943
-0.00997
-0.01146
-0.01141
-0.01276
-0.01366
-0.01402
-0.01455
-0.01411
-0.01321
-0.01181
-0.01132
-0.00966
-0.0088
-0.00773
-0.00642
-0.0053
-0.00611
-0.00773
-0.00898
-0.01024
-0.01276
-0.0142
-0.0142
-0.01366
-0.01285
-0.01114
-0.00804
-0.00445
0.00018
0.00449
0.00925
0.0133
0.01698
0.02013
0.02255
0.02435
0.0257
0.02668
0.02713
0.02623
0.02534
0.02426
0.02314
0.023
0.02228
0.02282
0.02444
0.0252
0.02623
0.02713
0.0283
0.02902
0.02947
0.03055
0.03199
0.03324
0.03324
0.03333
0.03243
0.03145
0.02965
0.02857
0.02848
0.02713