0.0
0.0
0.73347
0.73347
0.82137
0.82137
0.84214
0.84214
0.84727
0.84727
0.84866
0.84866
0.84886
0.84886
0.84893
0.84893
0.84888
0.84888
0.84886
0.84886
0.84899
0.84899
0.84891
0.84891
0.84895
0.84895
0.84884
0.84884
0.84884
0.84884
0.84884
0.84884
0.84886
0.84886
0.84891
0.84891
0.84893
0.84893
0.84906
0.84906
0.84893
0.84893
0.84904
0.84904
0.84902
0.84902
0.84908
0.84908
0.8491
0.8491
0.84893
0.84893
0.84897
0.84897
0.84913
0.84913
0.84899
0.84899
0.84902
0.84902
0.84897
0.84897
0.84901
0.84901
0.84906
0.84906
0.84917
0.84917
0.84908
0.84908
0.8491
0.8491
0.84926
0.84926
0.84928
0.84928
0.84922
0.84922
0.84921
0.84921
0.84919
0.84919
0.84915
0.84915
0.84933
0.84933
0.84922
0.84922
0.84919
0.84919
0.84924
0.84924
0.84935
0.84935
0.8493
0.8493
0.84926
0.84926
0.84933
0.84933
0.84932
0.84932
0.84935
0.84935
0.84946
0.84946
0.84939
0.84939
0.84935
0.84935
0.84943
0.84943
0.84948
0.84948
0.84946
0.84946
0.84946
0.84946
0.84946
0.84946
0.84952
0.84952
0.84943
0.84943
0.84961
0.84961
0.84959
0.84959
0.84965
0.84965
0.84957
0.84957
0.84959
0.84959
0.84954
0.84954
0.84959
0.84959
0.84948
0.84948
0.84955
0.84955
0.84965
0.84965
0.84959
0.84959
0.84959
0.84959
0.8497
0.8497
0.8497
0.8497
0.84977
0.84977
0.8497
0.8497
0.84966
0.84966
0.84977
0.84977
0.84976
0.84976
0.84976
0.84976
0.84977
0.84977
0.84977
0.84977
0.84977
0.84977
0.84976
0.84976
0.84976
0.84976
0.84983
0.84983
0.8499
0.8499
0.84987
0.84987
0.84998
0.84998
0.84994
0.84994
0.84999
0.84999
0.84998
0.84998
0.84994
0.84994
0.84996
0.84996
0.85012
0.85012
0.85003
0.85003
0.8501
0.8501
0.85012
0.85012
0.85016
0.85016
0.85001
0.85001
0.85014
0.85014
0.85021
0.85021
0.85032
0.85032
0.85023
0.85023
0.8502
0.8502
0.85027
0.85027
0.85038
0.85038
0.85036
0.85036
0.85036
0.85036
0.85038
0.85038
0.85047
0.85047
0.85034
0.85034
0.85049
0.85049
0.85051
0.85051
0.85051
0.85051
0.85034
0.85034
0.8504
0.8504
0.85047
0.85047
0.85052
0.85052
0.85058
0.85058
0.85065
0.85065
0.85063
0.85063
0.85056
0.85056
0.85063
0.85063
0.85069
0.85069
0.85069
0.85069
0.85078
0.85078
0.85084
0.85084
0.85076
0.85076
0.85073
0.85073
0.85084
0.85084
0.8508
0.8508
0.85069
0.85069
0.85084
0.85084
0.85073
0.85073
0.85084
0.85084
0.85063
0.85063
0.85067
0.85067
0.85076
0.85076
0.85089
0.85089
0.85076
0.85076
0.85076
0.85076
0.85076
0.85076
0.85084
0.85084
0.85085
0.85085
0.85093
0.85093
0.85085
0.85085
0.85078
0.85078
0.85078
0.85078
0.8508
0.8508
0.85076
0.85076
0.85085
0.85085
0.85065
0.85065
0.85067
0.85067
0.85069
0.85069
0.85067
0.85067
0.8508
0.8508
0.85074
0.85074
0.85078
0.85078
0.85089
0.85089
0.85071
0.85071
0.85087
0.85087
0.85089
0.85089
0.8508
0.8508
0.85078
0.85078
0.8508
0.8508
0.85073
0.85073
0.85085
0.85085
0.85082
0.85082
0.85071
0.85071
0.85082
0.85082
0.8508
0.8508
0.85078
0.85078
0.85073
0.85073
0.85074
0.85074
0.85074
0.85074
0.8506
0.8506
0.85063
0.85063
0.85062
0.85062
0.85054
0.85054
0.85065
0.85065
0.85052
0.85052
0.85049
0.85049
0.85054
0.85054
0.85051
0.85051
0.85043
0.85043
0.85052
0.85052
0.85047
0.85047
0.85052
0.85052
0.85049
0.85049
0.8504
0.8504
0.85045
0.85045
0.85038
0.85038
0.85029
0.85029
0.85032
0.85032
0.85031
0.85031
0.85021
0.85021
0.8502
0.8502
0.85025
0.85025
0.85031
0.85031
0.85031
0.85031
0.85023
0.85023
0.8502
0.8502
0.85029
0.85029
0.85018
0.85018
0.8502
0.8502
0.8501
0.8501
0.8502
0.8502
0.85018
0.85018
0.85027
0.85027
0.85009
0.85009
0.85009
0.85009
0.85007
0.85007
0.85003
0.85003
0.85007
0.85007
0.85003
0.85003
0.85012
0.85012
0.8501
0.8501
0.85007
0.85007
0.84999
0.84999
0.84996
0.84996
0.84992
0.84992
0.84981
0.84981
0.84985
0.84985
0.84985
0.84985
0.84988
0.84988
0.84976
0.84976
0.84976
0.84976
0.84963
0.84963
0.84957
0.84957
0.84939
0.84939
0.84943
0.84943
0.8493
0.8493
0.84932
0.84932
0.8493
0.8493
0.84921
0.84921
0.84919
0.84919
0.84904
0.84904
0.84899
0.84899
0.84899
0.84899
0.84895
0.84895
0.84891
0.84891
0.84891
0.84891
0.84897
0.84897
0.8489
0.8489
0.84877
0.84877
0.84877
0.84877
0.84875
0.84875
0.84858
0.84858
0.84869
0.84869
0.84869
0.84869
0.84858
0.84858
0.84853
0.84853
0.84844
0.84844
0.84846
0.84846
0.84851
0.84851
0.84855
0.84855
0.84844
0.84844
0.84851
0.84851
0.8484
0.8484
0.84833
0.84833
0.84846
0.84846
0.84829
0.84829
0.84831
0.84831
0.84831
0.84831
0.84835
0.84835
0.84846
0.84846
0.84835
0.84835
0.84842
0.84842
0.84838
0.84838
0.84835
0.84835
0.84842
0.84842
0.84853
0.84853
0.84844
0.84844
0.84846
0.84846
0.84857
0.84857
0.84858
0.84858
0.84853
0.84853
0.84851
0.84851
0.84849
0.84849
0.84853
0.84853
0.8486
0.8486
0.84869
0.84869
0.84875
0.84875
0.8488
0.8488
0.84866
0.84866
0.84864
0.84864
0.84875
0.84875
0.8488
0.8488
0.84888
0.84888
0.84897
0.84897
0.84893
0.84893
0.84891
0.84891
0.84897
0.84897
0.84886
0.84886
0.84897
0.84897
0.84915
0.84915
0.8491
0.8491
0.84904
0.84904
0.84915
0.84915
0.8491
0.8491
0.84915
0.84915
0.84928
0.84928
0.8493
0.8493
0.8493
0.8493
0.84928
0.84928
0.84935
0.84935
0.8495
0.8495
0.84939
0.84939
0.8495
0.8495
0.84957
0.84957
0.84948
0.84948
0.84959
0.84959
0.8495
0.8495
0.84959
0.84959
0.8495
0.8495
0.84972
0.84972
0.84972
0.84972
0.84974
0.84974
0.84987
0.84987
0.84994
0.84994
0.84996
0.84996
0.84992
0.84992
0.84999
0.84999
0.8501
0.8501
0.85007
0.85007
0.85012
0.85012
0.85018
0.85018
0.85018
0.85018
0.85038
0.85038
0.85032
0.85032
0.85036
0.85036
0.85034
0.85034
0.85054
0.85054
0.85045
0.85045
0.85062
0.85062
0.85063
0.85063
0.85062
0.85062
0.85076
0.85076
0.85071
0.85071
0.85078
0.85078
0.85082
0.85082
0.85089
0.85089
0.85093
0.85093
0.85098
0.85098
0.85095
0.85095
0.85104
0.85104
0.85113
0.85113
0.85098
0.85098
0.85111
0.85111
0.85122
0.85122
0.85107
0.85107
0.85117
0.85117
0.85107
0.85107
0.85113
0.85113
0.85118
0.85118
0.8512
0.8512
0.85126
0.85126
0.85122
0.85122
0.85129
0.85129
0.85128
0.85128
0.8512
0.8512
0.85111
0.85111
0.85106
0.85106
0.85113
0.85113
0.85117
0.85117
0.85109
0.85109
0.85115
0.85115
0.85109
0.85109
0.85106
0.85106
0.85107
0.85107
0.85106
0.85106
0.85104
0.85104
0.85104
0.85104
0.851
0.851
0.85093
0.85093
0.85104
0.85104
0.85096
0.85096
0.85093
0.85093
0.85093
0.85093
0.85095
0.85095
0.85085
0.85085
0.85095
0.85095
0.85084
0.85084
0.85089
0.85089
0.85085
0.85085
0.85087
0.85087
0.85078
0.85078
0.85091
0.85091
0.85082
0.85082
0.85073
0.85073
0.85089
0.85089
0.8508
0.8508
0.85085
0.85085
0.85089
0.85089
0.8508
0.8508
0.85082
0.85082
0.85087
0.85087
0.85078
0.85078
0.85082
0.85082
0.85089
0.85089
0.85091
0.85091
0.85098
0.85098
0.85091
0.85091
0.85084
0.85084
0.85084
0.85084
0.85085
0.85085
0.85089
0.85089
0.85082
0.85082
0.85078
0.85078
0.85084
0.85084
0.85087
0.85087
0.85091
0.85091
0.85091
0.85091
0.85093
0.85093
0.85093
0.85093
0.85085
0.85085
0.85084
0.85084
0.85084
0.85084
0.85085
0.85085
0.85085
0.85085
0.85089
0.85089
0.85096
0.85096
0.85098
0.85098
0.85104
0.85104
0.85113
0.85113
0.85096
0.85096
0.85107
0.85107
0.85113
0.85113
0.85102
0.85102
0.85118
0.85118
0.85115
0.85115
0.85115
0.85115
0.85109
0.85109
0.85109
0.85109
0.85115
0.85115
0.85113
0.85113
0.85122
0.85122
0.85117
0.85117
0.85117
0.85117
0.85117
0.85117
0.85131
0.85131
0.85144
0.85144
0.85128
0.85128
0.8514
0.8514
0.85142
0.85142
0.85142
0.85142
0.85142
0.85142
0.85161
0.85161
0.85153
0.85153
0.85159
0.85159
0.8517
0.8517
0.85168
0.85168
0.85159
0.85159
0.85173
0.85173
0.8517
0.8517
0.85179
0.85179
0.85181
0.85181
0.85186
0.85186
0.8519
0.8519
0.85175
0.85175
0.85179
0.85179
0.85172
0.85172
0.85192
0.85192
0.85197
0.85197
0.85197
0.85197
0.85201
0.85201
0.85204
0.85204
0.8521
0.8521
0.85214
0.85214
0.85208
0.85208
0.8521
0.8521
0.85215
0.85215
0.8521
0.8521
0.8521
0.8521
0.85208
0.85208
0.85204
0.85204
0.85217
0.85217
0.85217
0.85217
0.85212
0.85212
0.85208
0.85208
0.85215
0.85215
0.85226
0.85226
0.85219
0.85219
0.85226
0.85226
0.85234
0.85234
0.85241
0.85241
0.85232
0.85232
0.85243
0.85243
0.85237
0.85237
0.85239
0.85239
0.85236
0.85236
0.85239
0.85239
0.85245
0.85245
0.85248
0.85248
0.85243
0.85243
0.85258
0.85258
0.85263
0.85263