-5.263
-4.108
-3.172
-2.589
-2.111
-1.788
-1.84
-1.958
-2.579
-3.233
-4.019
-5.062
-5.957
-6.42
-6.798
-7.01
-7.295
-7.727
-7.963
-8.088
-8.137
-8.114
-7.841
-7.723
-7.588
-7.535
-7.459
-7.217
-7.19
-7.186
-7.398
-7.664
-7.786
-7.66
-7.496
-7.021
-6.656
-6.258
-6.074
-6.35
-6.79
-7.099
-7.352
-7.614
-7.591
-7.287
-7.259
-7.413
-7.482
-7.165
-6.977
-6.959
-7.295
-7.762
-8.031
-8.115
-7.939
-7.5
-7.134
-7.001
-6.798
-6.593
-6.26
-5.745
-4.849
-4.143
-3.404
-2.852
-2.407
-1.632
-0.846
-0.301
-0.044
-0.587
-1.527
-2.455
-3.181
-3.912
-4.72
-5.47
-6.091
-6.301
-6.248
-5.865
-5.746
-6.216
-6.787
-7.112
-7.088
-6.626
-6.048
-5.743
-5.529
-5.263
-4.703
-3.594
-2.632
-2.197
-1.768
-1.232
-0.863
-0.769
-0.827
-0.632
-0.368
-0.283
-0.017
0.318
0.764
1.103
1.465
1.675
1.077
0.242
-0.335
-0.477
-0.567
-0.421
0.08
0.426
0.672
0.7
0.669
0.68
0.438
-0.078
-0.541
-0.643
-0.563
-0.305
0.292
1.073
1.504
1.954
2.73
3.253
3.505
3.466
3.087
2.558
1.91
1.64
1.448
0.981
0.454
0.261
0.397
0.602
0.68
0.593
0.537
0.565
1.075
1.583
1.958
2.254
2.867
3.529
3.775
3.868
4.13
4.52
4.605
4.461
4.04
3.397
2.987
2.948
2.9
2.712
2.54
2.22
1.921
2.019
2.226
2.119
1.681
1.308
1.509
1.927
2.552
2.773
2.987
3.393
3.746
3.772
3.912
3.907
3.318
2.904
2.996
3.51
3.676
3.915
4.278
4.28
4.103
4.082
4.06
4.311
4.348
4.256
4.186
4.256
4.178
4.053
4.121
4.125
4.125
4.317
4.805
5.285
5.883
5.979
6.079
6.38
6.735
6.807
7.223
7.239
6.623
5.905
5.187
4.494
3.81
3.225
2.938
2.909
3.441
4.535
5.551
5.979
6.175
6.319
6.349
6.726
7.173
7.801
8.317
8.543
9.323
10.477
11.421
11.458
10.937
10.005
8.599
7.258
6.524
6.034
5.791
5.669
5.542
5.503
5.46
5.322
5.066
4.485
3.938
3.68
3.659
3.824
3.844
3.685
3.384
3.284
2.97
2.326
1.951
1.933
2.268
2.933
3.565
3.683
3.847
3.975
3.99
4.58
5.29
5.791
5.96
5.904
6.045
6.362
6.729
7.291
7.714
7.847
7.884
7.47
7.012
6.882
6.733
6.585
6.463
6.633
6.868
7.481
8.111
8.594
8.609
8.238
8.149
8.202
7.954
7.694
7.348
7.573
7.884
8.124
8.124
7.644
7.086
6.697
6.521
6.332
5.948
5.643
5.27
4.892
4.341
4.21
4.415
4.851
5.026
4.611
4.121
3.894
3.545
3.354
3.484
3.807
4.194
4.832
5.069
4.832
4.702
4.563
4.16
3.775
3.593
3.623
3.628
3.755
4.168
4.68
5.385
5.88
6.129
6.36
6.602
7.097
7.313
7.293
7.309
7.455
7.67
7.461
6.851
5.992
5.176
4.403
3.88
3.092
2.42
2.059
1.886
1.851
2.132
2.455
2.629
2.595
2.74
2.715
2.407
2.263
2.043
2.09
2.333
2.752
3.334
3.748
4.069
4.202
4.172
4.014
3.997
4.021
4.317
4.473
4.696
5.297
6.07
6.253
6.166
6.327
6.705
6.832
6.868
6.676
6.399
6.118
6.119
6.083
6.131
6.192
6.61
7.348
7.518
7.411
7.197
7.017
6.864
6.925
7.138
7.354
7.33
7.167
6.975
6.99
6.803
6.706
6.929
7.44
7.967
8.388
8.824
9.384
9.692
9.565
9.469
9.541
9.585
9.284
9.127
9.075
9.09
9.175
9.323
9.485
9.711
10.055
10.296
10.291
10.284
10.304
9.781
8.686
7.551
6.667
6.088
5.416
4.816
4.417
3.889
3.423
2.917
2.662
2.514
2.786
3.07
3.508
4.051
4.694
5.29
5.933
6.554
6.92
7.287
7.784
8.141
8.115
7.849
7.941
7.878
7.583
7.197
6.842
6.454
6.282
6.48
6.811
7.016
7.258
7.579
7.749
8.12
8.573
8.625
8.141
7.239
6.227
5.491
4.858
4.546
3.914
3.386
3.389
3.41
3.438
3.973
4.418
4.629
4.731
4.74
4.867
5.093
4.976
4.598
4.226
4.038
4.18
4.387
4.657
5.041
5.497
5.765
6.159
6.493
6.67
6.706
6.56
6.484
6.624
6.833
7.086
7.505
7.843
7.749
7.435
7.431
7.59
7.705
7.827
7.896
7.445
6.851
6.295
5.784
5.176
4.44
3.942
3.667
3.399
3.689
3.986
4.029
3.949
3.625
3.489
3.295
3.216
2.893
2.659
2.525
2.42
2.425
2.416
2.32
2.512
3.314
4.496
5.884
6.964
7.47
7.619
7.775
7.932
8.002
8.08
8.194
8.272
8.575
8.948
9.578
10.171
10.579
10.737
10.919
11.171
11.53
11.425
11.347
10.989
10.297
9.825
9.539
9.698
9.982
10.23
10.445
10.652
10.858
10.928
10.535
9.962
9.62
8.901
8.133
7.274
6.406
5.682
5.329
5.087
4.679
4.313
4.226
3.903
3.896
4.073
4.093
4.101
3.872
3.388
2.564
2.167
2.342
3.009
3.646
3.986
4.304
4.52
5.115
5.273
5.085
5.202
5.438
5.534
5.529
5.612
5.693
6.117
6.427
6.785
7.349
7.902
8.333
8.519
8.438
7.886
7.426
6.907
6.336
5.9
5.704
5.516
5.4
5.683
5.961
6.008
5.922
5.739
5.433
5.181
5.211
5.152
5.057
4.829
4.28
3.843
3.619
3.447
3.34
3.096
3.252
3.508
3.58
3.601
3.602
3.884
3.929
3.563
3.12
2.824
2.643
2.757
3.005
3.058
2.852
2.647
2.608
2.622
2.848
2.979
3.061
3.606
3.84
3.663
3.478
3.342
3.467
3.502
3.423
3.449
3.33
3.362
3.399
3.445
3.65
4.086
4.366
4.535
4.744
5.019
5.656
6.576
7.012
7.25
7.479
7.596
7.319
6.62
5.944
5.315
5.054
4.936
4.681
4.553
4.43
4.439
4.566
4.601
3.999
3.357
2.874
2.634
2.773
3.236
3.803
4.385
4.834
4.679
3.915
2.747
1.744
0.993
0.637
0.379
0.467
0.82
1.003
1.149
1.247
1.302
1.461
1.836
2.093
2.023
2.036
1.994
2.161
2.536
3.144
3.489
3.733
4.012
4.204
4.348
4.773
5.364
5.8
6.188
6.275
6.205
6.105
6.258
6.872
7.276
7.354
7.191
6.808
6.561
6.541
6.803
7.117
7.435
7.402
7.377
7.88
8.462
8.453
8.176
7.819
7.548
7.444
7.548
7.771
7.692
7.309
6.983
6.929
7.06
7.025
7.156
6.822
6.648
6.105
5.695
5.273
4.751
4.016
3.584
3.018
2.344
1.893
1.5
0.905
0.528
0.53
0.829
1.284
1.755
2.108
2.357
2.61
2.638
2.501
2.507
2.438
2.39
2.08
1.851
2.1
2.525
2.795
3.151
3.34
3.289
3.079
2.734
2.244
1.47
1.169
0.987
0.7
0.39
0.178
0.078
-0.51
-1.254
-1.839
-1.996
-1.812
-1.472
-1.095
-1.073
-1.228
-1.193
-1.164
-1.353
-1.276
-1.02
-0.602
-0.314
0.231
0.899
1.273
1.395
1.291
1.478
1.754
2.342
2.917
3.209
3.275
3.58
3.545
3.389
2.957
2.695
2.813
3.184
3.428
3.593
3.755
3.419
3.057
3.035
3.142
3.148
3.024
3.044
2.845
2.564
2.632
2.878
3.011
2.919
2.688
2.25
1.655
0.903
0.481
0.418
0.225
-0.209
-0.471
-0.475
-0.301
-0.035
0.085
0.286
0.395
0.397
0.336
0.048
-0.257
-0.331
-0.519
-1.086
-1.657
-1.576
-1.073
-0.469
-0.164
-0.16
-0.205
-0.178
-0.07
-0.078
-0.317
-0.528
-0.779
-1.01
-1.265
-0.907
-0.445
0.096
0.733
1.291
2.004
2.191
1.958
1.81
1.906
2.118
2.03
1.43
0.673
-0.015
-0.641
-0.981
-0.826
-0.287
0.434
0.902
1.162
1.219
1.095
0.641
-0.451
-1.528
-1.897
-1.8
-1.623
-1.651
-1.799
-2.076
-2.368
-2.366
-2.281
-1.792
-0.886
-0.174
0.207
0.488
0.728
1.053
1.097
1.077
1.014
0.833
0.532
0.351
0.231
0.126
0.089
0.052
0.052
0.231
0.131
0.007
0.022
-0.07
-0.107
-0.283
-0.554
-0.469
-0.249
0.04
0.529
0.994
1.225
1.334
1.378
1.542
1.701
1.725
1.581
1.378
